2962
851
321
1269
1295
2292
582
2205
2593
1678
2941
1386
1528
1664
63
2514
544
1945
1310
1021
1845
479
1817
2424
2571
2021
1338
1401
2884
2488
563
859
1728
1719
2087
2912
1263
1304
2644
134
1263
1628
511
2885
1045
888
2159
576
960
957
322
1767
603
482
2713
699
1253
446
2772
1987
1508
982
451
1903
1940
1278
2127
1302
2167
1778
135
1122
2297
647
2361
50
41
1166
727
2503
1946
1914
710
2620
1431
2104
474
1847
2062
549
2273
2644
938
1596
1563
276
1185
2990
2241
1205
652
805
2045
1546
1693
2777
2591
436
1961
1438
140
2760
677
899
2936
2951
281
892
1057
25
426
492
2425
613
2819
852
1461
667
1953
2643
1574
2618
70
1923
1588
928
2033
2358
2078
2763
2892
2625
2356
2643
705
968
1160
671
1023
912
2714
1551
21
2935
2798
2023
525
180
1297
1955
2543
973
2512
2145
935
2151
760
1452
2760
617
2263
2176
1732
1090
1667
1256
499
633
2068
1034
955
2237
1637
1069
2793
0
1449
1088
2771
1774
37
2704
212
1903
1750
1103
2213
557
1842
1600
533
133
1130
323
1154
745
1227
1187
2298
523
976
2106
1921
1165
2494
2210
1620
1399
2681
2111
1897
1085
2139
5
1488
2856
614
1037
1437
2211
2709
485
1793
1935
1917
2904
2644
2392
1285
17
1148
305
434
555
2629
2914
2846
736
662
328
2885
306
1898
1298
73
1823
1601
2518
2394
2260
1780
2175
706
1553
2295
226
1846
1543
2738
2022
1630
52
1493
1199
1234
1753
1721
835
434
80
1766
1854
1654
2841
1938
342
2
2527
2980
1143
2497
2715
983
349
650
1513
2991
613
2904
865
1870
1040
357
1096
2166
1807
32
103
397
1107
615
2452
1904
1300
2075
739
1015
608
877
2088
1694
1562
2429
1995
187
344
571
631
991
708
663
1284
1070
1103
1397
1179
2018
2910
1079
147
266
1060
2661
1039
2097
752
664
1501
1886
2373
2379
2789
1236
1535
1005
2059
1592
2253
2394
778
219
1596
1336
2405
522
591
2667
626
503
186
2653
2409
0
196
272
2088
2715
1909
1135
2083
163
533
618
1697
388
1068
1101
704
1458
505
2377
2854
1136
2164
545
2669
1976
2203
321
2441
2098
360
2178
2444
208
871
2929
1447
1716
1256
392
1469
2377
2745
1463
542
814
1664
834
2222
2225
2294
797
1956
1624
1419
1239
668
688
2556
1654
2115
1212
853
530
2940
761
2024
881
2594
1992
2106
1539
2583
84
2688
878
10
2881
1002
990
968
857
1595
2391
523
769
1924
2127
1837
2958
563
841
2887
1847
189
1529
1364
2138
8
77
2465
1332
723
1495
595
1708
2109
2222
2405
2382
2045
1804
336
229
1412
1682
1512
2034
141
280
1441
2006
2601
544
871
2485
1867
307
2529
2817
1300
817
2492
721
1785
2964
2203
401
165
2275
1993
2994
1152
2211
2900
1819
295
1892
2589
1589
1764
965
2820
1398
1499
1785
775
2150
506
202
797
2582
2975
422
996
325
1245
681
2967
235
1049
2079
844
765
2989
2204
2760
1909
665
2815
2221
973
269
617
1248
1529
2228
448
1132
1146
2546
2521
1310
1997
1514
1025
703
1425
2683
1087
1636
2246
1967
275
870
349
1648
2495
2135
2583
1559
2166
2880
2622
70
332
478
1227
991
211
1483
1485
1109
2574
1103
2146
1940
683
2891
2210
2782
1273
818
1646
1397
34
854
1555
1015
1873
695
456
2429
2201
1866
309
1549
955
269
2252
1419
2877
1811
1933
2698
2330
1752
196
2027
2081
2237
2145
2818
488
1222
648
660
434
866
182
953
580
1791
1145
2213
223
2642
195
358
1982
1931
2359
590
229
2986
2826
2967
999
739
1832
2433
63
664
963
476
1713
1674
2742
1307
352
1201
1290
1347
1439
2419
2884
276
1864
288
2476
2969
2698
141
1168
226
159
1829
2474
2840
1466
1931
1900
622
1643
240
2526
1646
1265
1960
88
2866
2481
2863
1259
974
1435
1476
1977
2647
2286
1137
757
938
2431
91
281
1960
727
2272
1663
128
227
1649
2118
991
408
1728
2063
1859
1547
509
1424
876
1255
499
1515
1727
2749
2938
1702
853
1142
2753
2659
2511
2294
798
977
744
947
2707
836
2458
359
463
37
81
552
355
322
2586
1505
2871
1244
2123
2115
2864
889
106
456
2766
2435
761
2259
575
1704
445
1549
1039
1867
364
184
1291
2745
672
1490
2002
1019
2478
2539
2025
520
1222
1651
989
851
2182
675
809
2161
2660
735
2582
2219
683
1223
866
2406
2885
859
2313
600
92
2741
1493
1534
435
2732
1488
215
80
2634
2926
359
1962
727
2935
1921
12
1505
1173
2029
75
2873
2666
2676
775
2008
619
2748
436
99
1031
34
2203
896
1285
3
1848
1940
2266
1830
1161
70
2491
38
1212
1679
2372
524
559
906
1344
2133
1607
2126
790
2523
2159
437
649
2124
2342
2991
748
908
681
2007
1264
1800
559
916
2311
248
2749
2514
1854
1384
681
2655
390
1645
2635
617
198
2962
2098
1422
2253
1961
1456
2848
1076
539
2965
2598
2640
373
2181
568
1879
1284
1703
1250
2339
1135
1197
2117
2601
1293
1657
827
231
2143
1251
816
2957
1557
108
33
2821
2492
461
1527
316
2646
1046
1542
858
1149
2435
2183
130
1273
2484
2095
552
2477
422
467
553
509
2557
568
1487
1533
1247
2580
376
2925
1859
330
2089
850
244
955
395
242
1551
2766
2422
2143
157
2706
2020
2104
2936
396
1256
1130
489
1661
2205
2158
134
2073
1793
1359
1519
2331
2769
2330
1919
747
288
2554
1948
2383
289
2534
2776
2375
619
867
536
431
2610
1657
902
1416
2257
2180
1475
670
402
1938
2146
816
1495
2076
1267
311
465
1352
43
625
1402
586
1374
2125
1413
1447
969
208
2358
1096
1473
1313
2445
783
666
351
128
541
2208
1514
2378
2061
2878
1786
207
1744
309
1870
2808
754
953
1824
1345
2782
2304
2065
2888
166
2386
2746
1264
792
1377
1766
2966
892
272
1535
378
1926
735
673
2839
2464
2228
2928
1413
1744
2441
485
705
1296
1284
2422
70
1807
962
2783
2560
826
1636
1873
2129
1809
1336
1697
2352
1276
160
2222
620
1
1930
2228
2413
2786
1940
2373
843
2734
1936
284
1641
789
2113
1972
1242
1109
2660
1463
727
2684
1395
2771
1285
1286
1850
1851
48
2708
431
726
485
1633
473
1514
2872
2489
122
1885
2266
1171
1665
2199
2387
1877
2016
1043
1787
1949
2571
2175
1686
1199
1241
2686
1158
2432
2983
1553
2314
2255
2815
864
2768
1708
1854
2066
809
1036
33
2532
852
1406
2991
1236
616
859
709
2059
1585
2789
2843
2484
357
1511
179
47
2345
740
279
877
1211
1500
2948
1203
1452
1174
2135
1683
543
1670
713
2388
2498
2848
2059
40
2765
2005
2639
1326
1602
1048
527
1986
2583
808
2272
1531
131
2073
18
2868
2552
1002
2534
1193
563
430
2751
2271
1371
1139
1747
1559
1331
1266
2723
1856
1005
1639
2889
996
1962
2378
565
206
551
88
488
2550
2203
2167
40
2400
2745
205
106
324
2785
852
2764
7
1586
770
433
2019
1946
1933
1050
1982
1445
1405
1659
2736
1374
2304
1367
2556
2767
1372
1803
450
160
898
412
2091
716
1853
1270
1394
2870
2111
1617
921
744
1790
1324
1169
491
1124
2715
384
557
1318
1524
311
1229
309
2306
2855
879
1391
1840
752
1399
1103
1788
157
1547
455
513
1082
710
1327
1957
2986
606
2769
2332
1366
1849
1107
1537
931
2059
1797
2915
2107
331
1029
1871
681
1777
2212
2483
608
938
965
1946
769
682
2994
1537
1757
2128
2440
150
2669
885
366
2460
2718
1894
944
1922
593
2448
2369
1132
1987
1845
1379
510
1713
2954
2448
719
2821
1114
2691
1799
2497
932
1693
2252
718
1704
2696
1699
2293
373
2575
1847
1856
775
1443
808
794
778
1714
2818
429
1047
1418
313
2522
1001
1720
1283
1780
159
102
1714
2825
1606
705
772
440
2204
323
1969
1883
2181
23
250
2492
301
775
2855
1633
62
2585
1588
1346
1171
324
1661
384
2010
1536
1870
1388
1456
2069
514
1403
383
2500
2205
1817
316
2695
1825
514
1717
696
2412
1247
1690
1259
2721
804
2798
1177
1858
958
1798
2639
624
1227
2795
1526
1364
2993
1564
2188
1531
1737
257
1463
940
2434
827
1642
758
2480
2399
1336
1722
919
2673
2489
1427
1058
2464
2116
2117
1662
1338
41
1242
1832
63
1502
212
1580
2171
2318
822
1048
615
571
577
1080
1036
74
1326
1354
2950
2361
644
832
486
564
2435
2269
1775
1581
2594
849
1541
892
182
1148
2260
1486
934
184
2419
1145
2182
1602
1827
1879
2468
1819
1975
2317
2466
2825
1879
764
567
2590
2091
2217
2374
1009
2361
2743
2690
2860
428
1879
1657
2726
457
115
2586
2448
2520
1342
2876
2806
768
2163
1437
156
1819
2002
1055
1336
2078
2239
1061
1848
2742
1693
989
2024
1766
718
199
2542
2515
2570
1882
1769
2836
113
2158
274
2044
1279
1796
2045
388
625
500
988
2629
2303
2337
28
1358
2168
1248
2415
75
2149
526
618
1770
2967
2773
1976
853
1820
2807
1811
2826
2070
1431
111
2950
56
172
172
1450
1985
439
157
2415
2682
2685
2126
2692
474
785
1734
2168
1975
1520
50
2553
1527
2167
134
89
539
1705
2664
1497
1196
2565
1639
2954
2177
1205
1806
871
2624
2911
1043
1254
1801
1170
2672
1448
1950
2501
862
777
445
424
1281
2237
1438
2209
458
2997
1192
2541
2174
2956
2428
2960
2564
2584
2419
1335
17
648
1910
2330
130
1619
2472
2160
256
2635
626
2113
619
1905
1879
450
1281
1912
1977
2958
869
1135
697
2265
105
1674
2088
1949
129
2241
531
2691
1837
752
337
377
2433
2299
363
824
1379
1379
2457
315
2049
914
1849
2477
2705
1854
1158
279
77
2798
2368
2991
2616
898
2781
204
2335
1999
2242
1110
2994
2015
147
627
1326
1666
2499
2224
1986
1910
2705
672
216
1132
631
1494
2416
2677
1475
13
711
2523
2952
343
2947
763
1933
840
2099
221
107
2235
1690
1254
2816
900
2807
2856
428
713
420
968
1407
334
2155
1271
2385
726
2859
812
356
2940
2320
1802
2638
2090
2332
739
517
898
1309
1832
2113
1440
1844
573
2562
1169
2258
2223
2305
407
2300
583
2591
2329
1908
545
2785
2595
2142
570
387
596
1751
2669
1018
1812
1394
2501
136
2509
1250
1657
2319
1793
2660
2645
1364
592
2690
1913
856
1804
2230
2069
725
1259
2843
2998
825
1549
2164
10
2017
136
2938
154
582
550
2680
2754
2210
1459
2338
765
2372
1311
19
251
8
164
1339
207
714
375
2584
2283
1477
1804
2527
2000
1998
1710
2046
1330
1766
971
1805
1985
2054
1510
1927
2304
1676
2814
1983
1067
743
1092
1309
2921
2231
1645
1506
672
2779
2955
1225
1508
1234
1058
2089
2887
2664
88
398
1616
1907
2851
2276
2084
616
84
1095
1226
2724
1463
197
2603
2444
2522
1116
2029
154
2846
2467
2960
358
62
2205
439
1036
2244
127
2728
2827
2951
791
2747
2336
215
2901
1293
33
2115
1670
2945
2158
614
577
1113
1029
2127
2927
169
2450
1507
2518
1376
2519
2137
1327
1953
2279
2272
775
130
2554
2719
1169
222
1532
1150
1873
587
1541
2418
2320
2327
2277
2497
2587
462
706
1456
423
588
2119
374
1230
170
232
2872
889
761
764
1799
1760
465
67
2957
2837
2436
89
2667
2312
78
2334
1027
585
603
2873
200
2823
1457
1642
852
1149
2572
388
2433
2606
1308
840
2578
1875
133
2722
126
2973
178
1029
388
1616
599
2862
2880
341
2474
2105
1432
1408
1137
740
2849
2138
1939
21
2102
2106
2345
1691
2103
1645
440
121
1999
555
1116
2093
2253
2390
138
1891
2689
1997
290
1293
1724
181
2768
2201
1061
1833
1671
2681
123
1807
701
460
873
2348
2919
1423
1283
2145
754
896
2594
2101
2299
2661
191
2205
2310
2783
2654
1661
1750
2290
1940
2221
1907
1227
2833
428
2315
737
1099
1184
487
2126
724
990
1673
2723
1367
606
2396
2771
938
962
1188
80
490
2767
1929
1888
2129
968
2196
2729
582
2847
2951
247
1439
1146
176
2128
1039
2759
867
2286
1586
2904
2785
1928
1884
492
2306
2898
1486
1357
1148
1386
618
1667
1630
334
1073
2435
364
228
2427
1067
1163
1870
2631
1505
2490
1927
861
1185
1949
424
1418
2588
1071
1960
256
448
1689
164
169
598
263
2542
816
260
131
922
1248
1659
2818
1558
870
2654
2933
2624
1856
2286
2604
1274
2024
204
2908
2817
2157
599
2421
583
2570
747
12
500
2955
2592
1702
2496
2183
1268
2762
266
1159
1054
1818
642
1874
546
1551
1066
1453
2238
2451
1798
1093
1088
977
1005
339
1308
1101
2348
509
2817
753
1941
88
1560
2686
696
2384
1546
1535
780
161
419
2344
125
1686
1864
305
1372
1082
1009
421
1316
2971
1720
1813
332
827
1597
2501
1458
1824
1926
281
1876
197
1788
1557
2121
844
3000
2053
1518
627
397
1010
695
189
2393
1320
1377
107
2434
1967
2308
1730
1486
1895
342
863
1004
1524
127
183
749
2444
1038
457
1507
2518
1224
1504
1623
770
557
446
2199
1771
1208
884
451
1957
441
1539
1126
391
518
507
69
2442
1889
987
2640
961
2168
342
2585
832
1072
2143
1235
2252
622
678
1162
1151
2211
2993
1392
1568
2195
2511
313
2068
2967
2563
1222
1537
276
1221
1684
2844
2774
2262
1775
1578
5
1120
1321
1923
889
659
559
667
565
1043
2277
2955
1415
795
761
2408
588
2034
2255
2557
2663
1796
1494
1122
1930
1987
1644
2655
2391
1119
854
1652
2040
952
1111
1492
2540
1608
1335
167
326
2154
2446
2028
607
2731
727
2887
701
2978
1896
2481
1309
837
2402
113
297
2902
2511
787
2706
816
2103
291
2579
993
17
1531
1518
1468
1549
1497
1396
982
2905
669
1179
182
770
2025
2545
2488
2368
1324
2280
1487
2550
1208
1368
2663
2511
1636
1845
2555
235
944
2195
1363
2438
2237
2015
461
213
2909
1800
2065
2416
786
2576
1475
2163
2499
1676
160
2680
882
2274
1595
43
539
1428
2848
252
883
298
2653
1950
1768
2418
2159
2915
912
312
2234
605
246
1562
931
2851
2228
2682
1637
1496
1219
322
938
652
2468
2065
1051
1475
2583
2762
1806
1777
2771
1235
595
104
2564
2372
868
2485
118
73
152
542
2926
2797
927
169
1428
435
555
877
237
1882
2464
710
1277
2284
1997
1158
1491
1699
1620
252
2088
2766
2287
2874
2654
311
1072
2871
556
964
945
1559
27
1852
444
587
1817
1481
5
1690
334
1153
963
44
189
771
756
2371
783
1884
2453
95
2120
1914
1844
2185
2651
1642
748
1064
786
1486
683
438
228
2034
1988
1433
2076
404
147
2109
1757
1533
2807
773
966
2947
2679
2318
880
2178
326
2616
136
626
1604
585
1028
1326
488
1839
889
2294
83
1898
1223
499
349
1801
1351
1264
1900
1675
63
2805
1265
2192
2890
2943
2257
2605
2999
2454
2503
2434
383
2912
1164
599
754
181
2320
186
2407
2614
1848
247
2532
2410
2971
2486
2874
893
11
2568
3000
114
427
1221
242
1706
2859
2291
2063
1847
173
99
457
998
2788
2357
2233
150
1560
787
2470
1557
842
2618
1694
1294
1115
1388
2322
606
1356
989
1211
1641
1505
2663
1118
2888
2549
2915
2769
2995
2807
2021
2921
752
1927
1870
2842
2463
938
2677
514
1127
2955
1925
1972
2114
1959
1968
1612
2597
2594
1088
1769
1037
2535
415
1377
700
2267
579
1809
527
2932
2465
41
2740
381
1050
1196
798
2675
338
713
2075
1756
252
466
412
203
941
1339
2342
621
2846
2290
211
2010
500
163
729
1576
2032
1946
2492
2150
2790
1303
285
1613
1306
126
2587
1107
2703
923
152
203
2395
1973
841
2558
2150
1722
1488
1742
712
303
302
787
1925
415
762
890
1058
2488
1936
901
2794
968
1104
827
2365
2190
57
1494
653
1586
1377
2506
120
765
659
1072
951
101
1249
138
1954
1510
2783
1068
2679
680
2907
262
2539
1469
488
2056
1925
2545
1295
2242
2939
1211
589
1807
2002
39
1166
697
2693
2688
1524
2839
2636
1184
2891
2692
239
2369
2756
990
2110
1956
1578
1769
1164
2178
1222
794
1097
730
1084
1896
1544
2371
564
826
321
2849
1960
1524
697
1059
202
2608
2154
2619
2191
295
81
2502
387
317
2620
2556
1470
891
1946
2993
283
1525
1686
2613
2965
382
268
1669
161
885
798
1767
2541
2837
2440
653
2481
2074
2685
395
2118
554
1101
25
804
1638
165
14
921
1177
2715
748
852
1925
505
501
1038
402
2104
2082
2290
2680
2403
2186
1590
1537
1573
841
